0.8     -1.0201   -0.99655179   -1.01872106   -1.02040875  
0.9     -1.0836   -1.06599309   -1.08259853   -1.08385074  
1     -1.1245   -1.11113806   -1.12362298   -1.1246095  
1.1     -1.1501   -1.1397456   -1.14919863   -1.14999786  
1.2     -1.1649   -1.15687965   -1.16411946   -1.16477062  
1.401     -1.1745   -1.16927478   -1.17374737   -1.17418236  
1.6     -1.1686   -1.16486428   -1.1679446   -1.1682747  
1.8     -1.1551   -1.15211235   -1.15451378   -1.15481545  
2     -1.1381   -1.13556841   -1.13764459   -1.13794434  
2.5     -1.0939   -1.09179257   -1.09362102   -1.09384559  
3     -1.0573   -1.05537342   -1.0571229   -1.05728137  
4     -1.0164   -1.01485237   -1.01611977   -1.0163449  
5     -1.0038   -1.0024102   -1.00345196   -1.00370541  
7     -1.0002   -0.99885428   -0.99983501   -1.00009307  
10     -1.0   -0.99867586   -0.99965039   -0.99990268  
