0.8     -1.0201   -0.99617295   -1.01865505   -1.02035848  
0.9     -1.0836   -1.0656034   -1.08253607   -1.08379937  
1     -1.1245   -1.11075077   -1.12357097   -1.12456244  
1.1     -1.1501   -1.13937221   -1.14915962   -1.14996125  
1.2     -1.1649   -1.1565268   -1.16408987   -1.16474755  
1.401     -1.1745   -1.16897434   -1.17372244   -1.17418978  
1.6     -1.1686   -1.16460892   -1.16791285   -1.16830145  
1.8     -1.1551   -1.15187676   -1.15447709   -1.154846  
2     -1.1381   -1.13532225   -1.13760522   -1.13797023  
2.5     -1.0939   -1.09145626   -1.09355632   -1.09385498  
3     -1.0573   -1.05497368   -1.0570298   -1.05727105  
4     -1.0164   -1.0145617   -1.01605005   -1.0163213  
5     -1.0038   -1.00230565   -1.003413   -1.00369138  
7     -1.0002   -0.99884779   -0.99983106   -1.00009035  
10     -1.0   -0.99867581   -0.99965034   -0.99990262  
