0.8     -1.0201   -0.99694476   -1.0187908   -1.02046267  
0.9     -1.0836   -1.06639976   -1.08266659   -1.08390767  
1     -1.1245   -1.11154404   -1.12368205   -1.12466377  
1.1     -1.1501   -1.14013836   -1.14924547   -1.15004231  
1.2     -1.1649   -1.15725092   -1.16415744   -1.16480116  
1.401     -1.1745   -1.1695881   -1.17378135   -1.17417849  
1.6     -1.1686   -1.1651264   -1.16798506   -1.16824625  
1.8     -1.1551   -1.15235434   -1.15455544   -1.15477941  
2     -1.1381   -1.13583182   -1.1376821   -1.13791058  
2.5     -1.0939   -1.09221305   -1.09367092   -1.09382393  
3     -1.0573   -1.05593384   -1.0572087   -1.05728185  
4     -1.0164   -1.01534152   -1.01620527   -1.01637307  
5     -1.0038   -1.00262104   -1.0035201   -1.00372739  
7     -1.0002   -0.99887248   -0.99984542   -1.00010013  
10     -1.0   -0.99867606   -0.99965057   -0.99990285  
