0.8     -1.0201   -0.98774534   -1.01572011   -1.01901739  
0.9     -1.0836   -1.05810703   -1.08016954   -1.08273529  
1     -1.1245   -1.10407481   -1.1216754   -1.1237193  
1.1     -1.1501   -1.13340667   -1.14761245   -1.14930232  
1.2     -1.1649   -1.15117357   -1.16277298   -1.16423502  
1.401     -1.1745   -1.16462274   -1.17263388   -1.1738672  
1.6     -1.1686   -1.16099407   -1.16692026   -1.16804356  
1.8     -1.1551   -1.14878299   -1.15355386   -1.15458003  
2     -1.1381   -1.1325884   -1.13674035   -1.13768414  
2.5     -1.0939   -1.08930646   -1.09275628   -1.09356032  
3     -1.0573   -1.05334365   -1.0563466   -1.0570065  
4     -1.0164   -1.01390052   -1.01576691   -1.01618877  
5     -1.0038   -1.00213136   -1.00332293   -1.00364198  
7     -1.0002   -0.9988401   -0.99982547   -1.00008596  
10     -1.0   -0.99867577   -0.9996503   -0.99990258  
