0.8     -1.0201   23.93   1.44   -0.26  
0.9     -1.0836   18.0   1.06   -0.2  
1     -1.1245   13.75   0.93   -0.06  
1.1     -1.1501   10.73   0.94   0.14  
1.2     -1.1649   8.37   0.81   0.15  
1.401     -1.1745   5.53   0.78   0.31  
1.6     -1.1686   3.99   0.69   0.3  
1.8     -1.1551   3.22   0.62   0.25  
2     -1.1381   2.78   0.49   0.13  
2.5     -1.0939   2.44   0.34   0.05  
3     -1.0573   2.33   0.27   0.03  
4     -1.0164   1.84   0.35   0.08  
5     -1.0038   1.49   0.39   0.11  
7     -1.0002   1.35   0.37   0.11  
10     -1.0   1.32   0.35   0.1  
