0.8     -1.0201   32.35   4.38   1.08  
0.9     -1.0836   25.49   3.43   0.86  
1     -1.1245   20.43   2.82   0.78  
1.1     -1.1501   16.69   2.49   0.8  
1.2     -1.1649   13.73   2.13   0.66  
1.401     -1.1745   9.88   1.87   0.63  
1.6     -1.1686   7.61   1.68   0.56  
1.8     -1.1551   6.32   1.55   0.52  
2     -1.1381   5.51   1.36   0.42  
2.5     -1.0939   4.59   1.14   0.34  
3     -1.0573   3.96   0.95   0.29  
4     -1.0164   2.5   0.63   0.21  
5     -1.0038   1.67   0.48   0.16  
7     -1.0002   1.36   0.37   0.11  
10     -1.0   1.32   0.35   0.1  
