0.8     -1.0201   -0.99349901   -1.01902643  
0.9     -1.0836   -1.06313379   -1.08296128  
1     -1.1245   -1.10829856   -1.12384282  
1.1     -1.1501   -1.13708926   -1.14940868  
1.2     -1.1649   -1.15435235   -1.1642395  
1.401     -1.1745   -1.16705503   -1.17373086  
1.6     -1.1686   -1.16282688   -1.16776913  
1.8     -1.1551   -1.15022958   -1.15426619  
2     -1.1381   -1.1337761   -1.13733657  
2.5     -1.0939   -1.09018169   -1.09321346  
3     -1.0573   -1.053913   -1.05667763  
4     -1.0164   -1.01404864   -1.01585486  
5     -1.0038   -1.00216142   -1.00334175  
7     -1.0002   -0.99884117   -0.99982636  
10     -1.0   -0.99867577   -0.9996503  
