0.8     -1.0201   23.16   1.31   -0.36  
0.9     -1.0836   17.2   0.93   -0.31  
1     -1.1245   12.96   0.82   -0.16  
1.1     -1.1501   9.96   0.85   0.06  
1.2     -1.1649   7.65   0.74   0.1  
1.401     -1.1745   4.91   0.72   0.32  
1.6     -1.1686   3.47   0.61   0.35  
1.8     -1.1551   2.75   0.54   0.32  
2     -1.1381   2.27   0.42   0.19  
2.5     -1.0939   1.69   0.23   0.08  
3     -1.0573   1.37   0.09   0.02  
4     -1.0164   1.06   0.19   0.03  
5     -1.0038   1.18   0.28   0.07  
7     -1.0002   1.33   0.35   0.1  
10     -1.0   1.32   0.35   0.1  
