0.8     -1.0201   23.55   1.38   -0.31  
0.9     -1.0836   17.61   1.0   -0.25  
1     -1.1245   13.36   0.88   -0.11  
1.1     -1.1501   10.35   0.9   0.1  
1.2     -1.1649   8.02   0.78   0.13  
1.401     -1.1745   5.23   0.75   0.32  
1.6     -1.1686   3.74   0.66   0.33  
1.8     -1.1551   2.99   0.59   0.28  
2     -1.1381   2.53   0.46   0.16  
2.5     -1.0939   2.11   0.28   0.05  
3     -1.0573   1.93   0.18   0.02  
4     -1.0164   1.55   0.28   0.06  
5     -1.0038   1.39   0.35   0.09  
7     -1.0002   1.35   0.36   0.11  
10     -1.0   1.32   0.35   0.1  
