0.8     -1.0201   -0.99333244   -1.0181097  
0.9     -1.0836   -1.06299937   -1.08212393  
1     -1.1245   -1.1083847   -1.1232881  
1.1     -1.1501   -1.13723731   -1.14898184  
1.2     -1.1649   -1.15460131   -1.16397509  
1.401     -1.1745   -1.16740302   -1.17363528  
1.6     -1.1686   -1.16328024   -1.16779154  
1.8     -1.1551   -1.15068436   -1.15431788  
2     -1.1381   -1.13418406   -1.13740994  
2.5     -1.0939   -1.09034557   -1.09324382  
3     -1.0573   -1.05397714   -1.05667389  
4     -1.0164   -1.01407335   -1.01586556  
5     -1.0038   -1.00216635   -1.00334534  
7     -1.0002   -0.9988412   -0.9998264  
10     -1.0   -0.99867577   -0.9996503  
