# DZ
0.2 -2.9018679208573221 0.77273486418383996 1.0446509801316761 1.8928259648169112
0.3 -2.8988286779477943 0.79967405656270441 1.0060333079988928 1.5301516275790628
0.4 -2.8984698740666479 0.82661324894156618 0.96752518005343724 1.2834307562051470
0.5 -2.8982397222227934 0.85355244132043095 0.92948026379856219 1.1021166942642207
0.6 -2.8979028330239323 0.88049163369929262 0.89217983180533611 0.96205876366630283
0.7 -2.8975192424700755 0.90743082607815806 0.85547741921319498 0.84892187206374004
# TZ
0.2 -2.9068866082190206 0.77804550407250284 1.0599070295818527 1.8971126191302812
0.3 -2.9055106236468005 0.80474712882561439 1.0211864615732464 1.5352648515018954
0.4 -2.9042567081895219 0.83144875357872794 0.98261271701900255 1.2892723720447414
0.5 -2.9036264588715341 0.85815037833184127 0.94437156343500761 1.1076121924804196
0.6 -2.9034045622421485 0.88485200308495338 0.90701758060249527 0.96798356457571300
0.7 -2.9033771825160923 0.91155362783806593 0.87017101086851600 0.85480615601292842
# QZ
0.2 -2.9056633387591488 0.77853192487395306 1.0613481418284889 1.8977295389938638
0.3 -2.9039047119499029 0.80520733317274107 1.0226148369804160 1.5359417389530929
0.4 -2.9035670265602618 0.83188274147152708 0.98402528039287251 1.2899311171402139
0.5 -2.9036362620205072 0.85855814977031264 0.94577601374208298 1.1082921794953833
0.6 -2.9037346385143099 0.88523355806909931 0.90839681720067145 0.96859387569866495
0.7 -2.9037747071066367 0.91190896636788654 0.87153676980419359 0.85540553363669192
