# DZ
0.2 -2.8988021161255073 0.67010418096455759 0.51260447627084482 1.1663280066863735
0.3 -2.8984765652966047 0.69714827590998651 0.48763117388578553 0.97779396000493934
0.4 -2.8983357695733658 0.72419237085541599 0.46265947722531225 0.83256585865382238
0.5 -2.8981519489337706 0.75123646580084402 0.43771148328644743 0.71587477285962975
0.6 -2.8979176795663952 0.77828056074627294 0.41280632725821226 0.61943715943311428
0.7 -2.8976634166317363 0.80532465569170353 0.38802177029060425 0.53829773355221799
# TZ
0.2 -2.9034591290448830 0.67288637800972129 0.51860700704442853 1.1705501873675817
0.3 -2.9034431519962385 0.69977905346318847 0.49349497863914848 0.98227087145459824
0.4 -2.9034083355114473 0.72667172891664888 0.46838629867019532 0.83711708548628871
0.5 -2.9033864817918409 0.75356440437011296 0.44329880875599764 0.72037955916708063
0.6 -2.9033854915175548 0.78045707982357571 0.41826069438570468 0.62387084730009512
0.7 -2.9033931694430253 0.80734975527703923 0.39331161627238664 0.54252051167758919
# QZ
0.2 -2.9035925572446586 0.67316217711864146 0.51918641634568807 1.1710358680856769
0.3 -2.9035874010857170 0.70003735009899981 0.49405959067421201 0.98276719464357687
0.4 -2.9035676669690806 0.72691252307935628 0.46893647060141425 0.83760932965971502
0.5 -2.9035663730450150 0.75378769605971496 0.44383355637795902 0.72085245855912772
0.6 -2.9035734248445260 0.78066286904007021 0.41878342790095202 0.62433642283455570
0.7 -2.9035789244261032 0.80753804202042945 0.39381417935631996 0.54294655187080110
