# DZ
0.2 -3.1696717052310328 0.70230189049492253 0.42992823791462637 0.91704787425723722
0.3 -3.0011635007582935 0.72550026737372120 0.40916672511764418 0.78162603341728476
0.4 -2.9494712534828413 0.74869864425251920 0.38854456624511896 0.67907296275714824
0.5 -2.9273442436264552 0.77189702113131375 0.36792240737281651 0.59464910700251750
0.6 -2.9160678382942256 0.79509539801011242 0.34763295159532603 0.52424387287178609
0.7 -2.9096491947205569 0.81829377488890898 0.32778105006295805 0.46412237534612805
# TZ
0.2 -3.0142874244032267 0.70873324081472333 0.24686937469440773 0.47277856039711347
0.3 -2.9469067542637442 0.73153465102393689 0.23559208869642537 0.41651544559732345
0.4 -2.9256484058578369 0.75433606123314811 0.22436350956860740 0.37015813270179648
0.5 -2.9164366965821968 0.77713747144236012 0.21314346538576595 0.32996279024674752
0.6 -2.9116495894269896 0.79993888165157068 0.20192342120321355 0.29446348998454852
0.7 -2.9088626829143158 0.82274029186078401 0.19070337702071868 0.26278316108319638
# QZ
0.2 -2.9752060624522665 0.70939490968643992 0.21651262823282877 0.40757159532498471
0.3 -2.9338309538977243 0.73215812972950189 0.20668142161302056 0.36242233968265375
0.4 -2.9194121834918665 0.75492134977256520 0.19685021499326869 0.32354742269106374
0.5 -2.9127333124497090 0.77768456981562717 0.18703377143282807 0.28937610108654721
0.6 -2.9092391479833446 0.80044778985869103 0.17728785982945258 0.25915077048236368
0.7 -2.9072724151411951 0.82321100990175500 0.16754194822598675 0.23187388063229775
