# DZ
0.2 -2.8987086338602035 0.72141952257426056 0.77862144324631699 1.5294671621477529
0.3 -2.8981210679539062 0.74841116623640602 0.74679828553915162 1.2684418513606988
0.4 -2.8981179314673438 0.77540280989854915 0.71499845473451407 1.0775922874247057
0.5 -2.8980119993860347 0.80239445356069272 0.68328713198004720 0.92958115073840142
0.6 -2.8977839239622045 0.82938609722283640 0.65177456804630385 0.81053318961538234
0.7 -2.8975002537376904 0.85637774088497864 0.62060529358523864 0.71239594263003014
# TZ
0.2 -2.9038288727016481 0.72546594104111384 0.78925105958112673 1.5341587456198025
0.3 -2.9037173190533774 0.75226309114439838 0.75730618084024948 1.2736592820000718
0.4 -2.9034661096091785 0.77906024124768813 0.72538634322716899 1.0830650469566707
0.5 -2.9033370044263869 0.80585739135097645 0.69354751562351491 0.93512272449638634
0.6 -2.9033200855112491 0.83265454145426565 0.66193249377148100 0.81617981577963161
0.7 -2.9033567927368309 0.85945169155755474 0.63055259992972967 0.71773583601750546
# QZ
0.2 -2.9038549922430010 0.72584705099905056 0.79026140435804249 1.5347444640761081
0.3 -2.9036108492847146 0.75262234163801800 0.75830258285331065 1.2742740069396745
0.4 -2.9035441275035132 0.77939763227698811 0.72636744495548899 1.0836695479596135
0.5 -2.9035722393130787 0.80617292291595744 0.69451515225596316 0.93572167004438289
0.6 -2.9036091594555242 0.83294821355492732 0.66288585521026777 0.81676245714296958
0.7 -2.9036255137338305 0.85972350419389476 0.63149705033948533 0.71831652632203025

