   -3.1415926536     0.5000000000     0.6251554147    -0.2500000000    -0.0000000000     0.0000000000
   -3.0787608005     0.4997532802     0.6251129066    -0.2495066821    -0.0156976299     0.0000000000
   -3.0159289474     0.4990133642     0.6249853864    -0.2480286753    -0.0313333084     0.0000000000
   -2.9530970944     0.4977809823     0.6247728666    -0.2455718127    -0.0468453286     0.0000000000
   -2.8902652413     0.4960573507     0.6244753683    -0.2421457903    -0.0621724718     0.0000000000
   -2.8274333882     0.4938441703     0.6240929207    -0.2377641291    -0.0772542486     0.0000000000
   -2.7646015352     0.4911436254     0.6236255616    -0.2324441215    -0.0920311382     0.0000000000
   -2.7017696821     0.4879583810     0.6230733368    -0.2262067631    -0.1064448229     0.0000000000
   -2.6389378290     0.4842915806     0.6224363007    -0.2190766700    -0.1204384185     0.0000000000
   -2.5761059759     0.4801468428     0.6217145160    -0.2110819814    -0.1339566987     0.0000000000
   -2.5132741229     0.4755282581     0.6209080534    -0.2022542486    -0.1469463131     0.0000000000
   -2.4504422698     0.4704403845     0.6200169922    -0.1926283107    -0.1593559974     0.0000000000
   -2.3876104167     0.4648882429     0.6190414197    -0.1822421569    -0.1711367765     0.0000000000
   -2.3247785637     0.4588773128     0.6179814313    -0.1711367765    -0.1822421569     0.0000000000
   -2.2619467106     0.4524135262     0.6168371308    -0.1593559974    -0.1926283107     0.0000000000
   -2.1991148575     0.4455032621     0.6156086297    -0.1469463131    -0.2022542486     0.0000000000
   -2.1362830044     0.4381533400     0.6142960478    -0.1339566987    -0.2110819814     0.0000000000
   -2.0734511514     0.4303710135     0.6128995128    -0.1204384185    -0.2190766700     0.0000000000
   -2.0106192983     0.4221639628     0.6114191602    -0.1064448229    -0.2262067631     0.0000000000
   -1.9477874452     0.4135402871     0.6098551334    -0.0920311382    -0.2324441215     0.0000000000
   -1.8849555922     0.4045084972     0.6082075835    -0.0772542486    -0.2377641291     0.0000000000
   -1.8221237391     0.3950775062     0.6064766693    -0.0621724718    -0.2421457903     0.0000000000
   -1.7592918860     0.3852566214     0.6046625570    -0.0468453286    -0.2455718127     0.0000000000
   -1.6964600329     0.3750555348     0.6027654203    -0.0313333084    -0.2480286753     0.0000000000
   -1.6336281799     0.3644843137     0.6007854401    -0.0156976299    -0.2495066821     0.0000000000
   -1.5707963268     0.3535533906     0.5987228047     0.0000000000    -0.2500000000     0.0000000000
   -1.5079644737     0.3422735530     0.5965777089     0.0156976299    -0.2495066821     0.0000000000
   -1.4451326207     0.3306559327     0.5943503549     0.0313333084    -0.2480286753     0.0000000000
   -1.3823007676     0.3187119949     0.5920409511     0.0468453286    -0.2455718127     0.0000000000
   -1.3194689145     0.3064535268     0.5896497125     0.0621724718    -0.2421457903     0.0000000000
   -1.2566370614     0.2938926261     0.5871768601     0.0772542486    -0.2377641291     0.0000000000
   -1.1938052084     0.2810416889     0.5846226211     0.0920311382    -0.2324441215     0.0000000000
   -1.1309733553     0.2679133975     0.5819872279     0.1064448229    -0.2262067631     0.0000000000
   -1.0681415022     0.2545207079     0.5792709183     0.1204384185    -0.2190766700     0.0000000000
   -1.0053096491     0.2408768371     0.5764739352     0.1339566987    -0.2110819814     0.0000000000
   -0.9424777961     0.2269952499     0.5735965257     0.1469463131    -0.2022542486     0.0000000000
   -0.8796459430     0.2128896458     0.5706389409     0.1593559974    -0.1926283107     0.0000000000
   -0.8168140899     0.1985739453     0.5676014353     0.1711367765    -0.1822421569     0.0000000000
   -0.7539822369     0.1840622763     0.5644842665     0.1822421569    -0.1711367765     0.0000000000
   -0.6911503838     0.1693689601     0.5612876939     0.1926283107    -0.1593559974     0.0000000000
   -0.6283185307     0.1545084972     0.5580119785     0.2022542486    -0.1469463131     0.0000000000
   -0.5654866776     0.1394955530     0.5546573817     0.2110819814    -0.1339566987     0.0000000000
   -0.5026548246     0.1243449436     0.5512241645     0.2190766700    -0.1204384185     0.0000000000
   -0.4398229715     0.1090716207     0.5477125862     0.2262067631    -0.1064448229     0.0000000000
   -0.3769911184     0.0936906573     0.5441229033     0.2324441215    -0.0920311382     0.0000000000
   -0.3141592654     0.0782172325     0.5404553679     0.2377641291    -0.0772542486     0.0000000000
   -0.2513274123     0.0626666168     0.5367102261     0.2421457903    -0.0621724718     0.0000000000
   -0.1884955592     0.0470541567     0.5328877164     0.2455718127    -0.0468453286     0.0000000000
   -0.1256637061     0.0313952598     0.5289880669     0.2480286753    -0.0313333084     0.0000000000
   -0.0628318531     0.0157053795     0.5250114934     0.2495066821    -0.0156976299     0.0000000000
    0.0000000000     0.0000000000     0.5209581966     0.2500000000     0.0000000000     0.0000000000
    0.0628318531     0.0157053795     0.5250114934     0.2495066821     0.0156976299     0.0000000000
    0.1256637061     0.0313952598     0.5289880669     0.2480286753     0.0313333084     0.0000000000
    0.1884955592     0.0470541567     0.5328877164     0.2455718127     0.0468453286     0.0000000000
    0.2513274123     0.0626666168     0.5367102261     0.2421457903     0.0621724718     0.0000000000
    0.3141592654     0.0782172325     0.5404553679     0.2377641291     0.0772542486     0.0000000000
    0.3769911184     0.0936906573     0.5441229033     0.2324441215     0.0920311382     0.0000000000
    0.4398229715     0.1090716207     0.5477125862     0.2262067631     0.1064448229     0.0000000000
    0.5026548246     0.1243449436     0.5512241645     0.2190766700     0.1204384185     0.0000000000
    0.5654866776     0.1394955530     0.5546573817     0.2110819814     0.1339566987     0.0000000000
    0.6283185307     0.1545084972     0.5580119785     0.2022542486     0.1469463131     0.0000000000
    0.6911503838     0.1693689601     0.5612876939     0.1926283107     0.1593559974     0.0000000000
    0.7539822369     0.1840622763     0.5644842665     0.1822421569     0.1711367765     0.0000000000
    0.8168140899     0.1985739453     0.5676014353     0.1711367765     0.1822421569     0.0000000000
    0.8796459430     0.2128896458     0.5706389409     0.1593559974     0.1926283107     0.0000000000
    0.9424777961     0.2269952499     0.5735965257     0.1469463131     0.2022542486     0.0000000000
    1.0053096491     0.2408768371     0.5764739352     0.1339566987     0.2110819814     0.0000000000
    1.0681415022     0.2545207079     0.5792709183     0.1204384185     0.2190766700     0.0000000000
    1.1309733553     0.2679133975     0.5819872279     0.1064448229     0.2262067631     0.0000000000
    1.1938052084     0.2810416889     0.5846226211     0.0920311382     0.2324441215     0.0000000000
    1.2566370614     0.2938926261     0.5871768601     0.0772542486     0.2377641291     0.0000000000
    1.3194689145     0.3064535268     0.5896497125     0.0621724718     0.2421457903     0.0000000000
    1.3823007676     0.3187119949     0.5920409511     0.0468453286     0.2455718127     0.0000000000
    1.4451326207     0.3306559327     0.5943503549     0.0313333084     0.2480286753     0.0000000000
    1.5079644737     0.3422735530     0.5965777089     0.0156976299     0.2495066821     0.0000000000
    1.5707963268     0.3535533906     0.5987228047    -0.0000000000     0.2500000000     0.0000000000
    1.6336281799     0.3644843137     0.6007854401    -0.0156976299     0.2495066821     0.0000000000
    1.6964600329     0.3750555348     0.6027654203    -0.0313333084     0.2480286753     0.0000000000
    1.7592918860     0.3852566214     0.6046625570    -0.0468453286     0.2455718127     0.0000000000
    1.8221237391     0.3950775062     0.6064766693    -0.0621724718     0.2421457903     0.0000000000
    1.8849555922     0.4045084972     0.6082075835    -0.0772542486     0.2377641291     0.0000000000
    1.9477874452     0.4135402871     0.6098551334    -0.0920311382     0.2324441215     0.0000000000
    2.0106192983     0.4221639628     0.6114191602    -0.1064448229     0.2262067631     0.0000000000
    2.0734511514     0.4303710135     0.6128995128    -0.1204384185     0.2190766700     0.0000000000
    2.1362830044     0.4381533400     0.6142960478    -0.1339566987     0.2110819814     0.0000000000
    2.1991148575     0.4455032621     0.6156086297    -0.1469463131     0.2022542486     0.0000000000
    2.2619467106     0.4524135262     0.6168371308    -0.1593559974     0.1926283107     0.0000000000
    2.3247785637     0.4588773128     0.6179814313    -0.1711367765     0.1822421569     0.0000000000
    2.3876104167     0.4648882429     0.6190414197    -0.1822421569     0.1711367765     0.0000000000
    2.4504422698     0.4704403845     0.6200169922    -0.1926283107     0.1593559974     0.0000000000
    2.5132741229     0.4755282581     0.6209080534    -0.2022542486     0.1469463131     0.0000000000
    2.5761059759     0.4801468428     0.6217145160    -0.2110819814     0.1339566987     0.0000000000
    2.6389378290     0.4842915806     0.6224363007    -0.2190766700     0.1204384185     0.0000000000
    2.7017696821     0.4879583810     0.6230733368    -0.2262067631     0.1064448229     0.0000000000
    2.7646015352     0.4911436254     0.6236255616    -0.2324441215     0.0920311382     0.0000000000
    2.8274333882     0.4938441703     0.6240929207    -0.2377641291     0.0772542486     0.0000000000
    2.8902652413     0.4960573507     0.6244753683    -0.2421457903     0.0621724718     0.0000000000
    2.9530970944     0.4977809823     0.6247728666    -0.2455718127     0.0468453286     0.0000000000
    3.0159289474     0.4990133642     0.6249853864    -0.2480286753     0.0313333084     0.0000000000
    3.0787608005     0.4997532802     0.6251129066    -0.2495066821     0.0156976299     0.0000000000
