   -3.1415926536     1.5000000000     0.1241341809    -0.7500000000    -0.0000000000     0.0000000000
   -3.0787608005     1.4992598405     0.1241182104    -0.7485200463    -0.0470928896     0.0000000000
   -3.0159289474     1.4970400926     0.1240702941    -0.7440860260    -0.0939999252     0.0000000000
   -2.9530970944     1.4933429469     0.1239904189    -0.7367154380    -0.1405359859     0.0000000000
   -2.8902652413     1.4881720520     0.1238785625    -0.7264373708    -0.1865174154     0.0000000000
   -2.8274333882     1.4815325109     0.1237346934    -0.7132923872    -0.2317627458     0.0000000000
   -2.7646015352     1.4734308761     0.1235587713    -0.6973323644    -0.2760934145     0.0000000000
   -2.7017696821     1.4638751429     0.1233507463    -0.6786202893    -0.3193344687     0.0000000000
   -2.6389378290     1.4528747417     0.1231105591    -0.6572300100    -0.3613152556     0.0000000000
   -2.5761059759     1.4404405285     0.1228381407    -0.6332459441    -0.4018700962     0.0000000000
   -2.5132741229     1.4265847744     0.1225334121    -0.6067627458    -0.4408389392     0.0000000000
   -2.4504422698     1.4113211534     0.1221962840    -0.5778849321    -0.4780679923     0.0000000000
   -2.3876104167     1.3946647288     0.1218266564    -0.5467264706    -0.5134103294     0.0000000000
   -2.3247785637     1.3766319385     0.1214244184    -0.5134103294    -0.5467264706     0.0000000000
   -2.2619467106     1.3572405787     0.1209894476    -0.4780679923    -0.5778849321     0.0000000000
   -2.1991148575     1.3365097863     0.1205216097    -0.4408389392    -0.6067627458     0.0000000000
   -2.1362830044     1.3144600201     0.1200207580    -0.4018700962    -0.6332459441     0.0000000000
   -2.0734511514     1.2911130405     0.1194867327    -0.3613152556    -0.6572300100     0.0000000000
   -2.0106192983     1.2664918883     0.1189193603    -0.3193344687    -0.6786202893     0.0000000000
   -1.9477874452     1.2406208614     0.1183184531    -0.2760934145    -0.6973323644     0.0000000000
   -1.8849555922     1.2135254916     0.1176838081    -0.2317627458    -0.7132923872     0.0000000000
   -1.8221237391     1.1852325186     0.1170152066    -0.1865174154    -0.7264373708     0.0000000000
   -1.7592918860     1.1557698642     0.1163124127    -0.1405359859    -0.7367154380     0.0000000000
   -1.6964600329     1.1251666044     0.1155751729    -0.0939999252    -0.7440860260     0.0000000000
   -1.6336281799     1.0934529411     0.1148032146    -0.0470928896    -0.7485200463     0.0000000000
   -1.5707963268     1.0606601718     0.1139962453     0.0000000000    -0.7500000000     0.0000000000
   -1.5079644737     1.0268206589     0.1131539510     0.0470928896    -0.7485200463     0.0000000000
   -1.4451326207     0.9919677980     0.1122759949     0.0939999252    -0.7440860260     0.0000000000
   -1.3823007676     0.9561359846     0.1113620161     0.1405359859    -0.7367154380     0.0000000000
   -1.3194689145     0.9193605805     0.1104116277     0.1865174154    -0.7264373708     0.0000000000
   -1.2566370614     0.8816778784     0.1094244152     0.2317627458    -0.7132923872     0.0000000000
   -1.1938052084     0.8431250668     0.1083999342     0.2760934145    -0.6973323644     0.0000000000
   -1.1309733553     0.8037401925     0.1073377090     0.3193344687    -0.6786202893     0.0000000000
   -1.0681415022     0.7635621236     0.1062372297     0.3613152556    -0.6572300100     0.0000000000
   -1.0053096491     0.7226305112     0.1050979496     0.4018700962    -0.6332459441     0.0000000000
   -0.9424777961     0.6809857496     0.1039192831     0.4408389392    -0.6067627458     0.0000000000
   -0.8796459430     0.6386689373     0.1027006020     0.4780679923    -0.5778849321     0.0000000000
   -0.8168140899     0.5957218360     0.1014412326     0.5134103294    -0.5467264706     0.0000000000
   -0.7539822369     0.5521868290     0.1001404523     0.5467264706    -0.5134103294     0.0000000000
   -0.6911503838     0.5081068804     0.0987974849     0.5778849321    -0.4780679923     0.0000000000
   -0.6283185307     0.4635254916     0.0974114972     0.6067627458    -0.4408389392     0.0000000000
   -0.5654866776     0.4184866591     0.0959815935     0.6332459441    -0.4018700962     0.0000000000
   -0.5026548246     0.3730348307     0.0945068108     0.6572300100    -0.3613152556     0.0000000000
   -0.4398229715     0.3272148621     0.0929861131     0.6786202893    -0.3193344687     0.0000000000
   -0.3769911184     0.2810719719     0.0914183844     0.6973323644    -0.2760934145     0.0000000000
   -0.3141592654     0.2346516976     0.0898024227     0.7132923872    -0.2317627458     0.0000000000
   -0.2513274123     0.1879998503     0.0881369311     0.7264373708    -0.1865174154     0.0000000000
   -0.1884955592     0.1411624700     0.0864205101     0.7367154380    -0.1405359859     0.0000000000
   -0.1256637061     0.0941857793     0.0846516474     0.7440860260    -0.0939999252     0.0000000000
   -0.0628318531     0.0471161386     0.0828287078     0.7485200463    -0.0470928896     0.0000000000
    0.0000000000     0.0000000000     0.0809499206     0.7500000000     0.0000000000     0.0000000000
    0.0628318531     0.0471161386     0.0828287078     0.7485200463     0.0470928896     0.0000000000
    0.1256637061     0.0941857793     0.0846516474     0.7440860260     0.0939999252     0.0000000000
    0.1884955592     0.1411624700     0.0864205101     0.7367154380     0.1405359859     0.0000000000
    0.2513274123     0.1879998503     0.0881369311     0.7264373708     0.1865174154     0.0000000000
    0.3141592654     0.2346516976     0.0898024227     0.7132923872     0.2317627458     0.0000000000
    0.3769911184     0.2810719719     0.0914183844     0.6973323644     0.2760934145     0.0000000000
    0.4398229715     0.3272148621     0.0929861131     0.6786202893     0.3193344687     0.0000000000
    0.5026548246     0.3730348307     0.0945068108     0.6572300100     0.3613152556     0.0000000000
    0.5654866776     0.4184866591     0.0959815935     0.6332459441     0.4018700962     0.0000000000
    0.6283185307     0.4635254916     0.0974114972     0.6067627458     0.4408389392     0.0000000000
    0.6911503838     0.5081068804     0.0987974849     0.5778849321     0.4780679923     0.0000000000
    0.7539822369     0.5521868290     0.1001404523     0.5467264706     0.5134103294     0.0000000000
    0.8168140899     0.5957218360     0.1014412326     0.5134103294     0.5467264706     0.0000000000
    0.8796459430     0.6386689373     0.1027006020     0.4780679923     0.5778849321     0.0000000000
    0.9424777961     0.6809857496     0.1039192831     0.4408389392     0.6067627458     0.0000000000
    1.0053096491     0.7226305112     0.1050979496     0.4018700962     0.6332459441     0.0000000000
    1.0681415022     0.7635621236     0.1062372297     0.3613152556     0.6572300100     0.0000000000
    1.1309733553     0.8037401925     0.1073377090     0.3193344687     0.6786202893     0.0000000000
    1.1938052084     0.8431250668     0.1083999342     0.2760934145     0.6973323644     0.0000000000
    1.2566370614     0.8816778784     0.1094244152     0.2317627458     0.7132923872     0.0000000000
    1.3194689145     0.9193605805     0.1104116277     0.1865174154     0.7264373708     0.0000000000
    1.3823007676     0.9561359846     0.1113620161     0.1405359859     0.7367154380     0.0000000000
    1.4451326207     0.9919677980     0.1122759949     0.0939999252     0.7440860260     0.0000000000
    1.5079644737     1.0268206589     0.1131539510     0.0470928896     0.7485200463     0.0000000000
    1.5707963268     1.0606601718     0.1139962453    -0.0000000000     0.7500000000     0.0000000000
    1.6336281799     1.0934529411     0.1148032146    -0.0470928896     0.7485200463     0.0000000000
    1.6964600329     1.1251666044     0.1155751729    -0.0939999252     0.7440860260     0.0000000000
    1.7592918860     1.1557698642     0.1163124127    -0.1405359859     0.7367154380     0.0000000000
    1.8221237391     1.1852325186     0.1170152066    -0.1865174154     0.7264373708     0.0000000000
    1.8849555922     1.2135254916     0.1176838081    -0.2317627458     0.7132923872     0.0000000000
    1.9477874452     1.2406208614     0.1183184531    -0.2760934145     0.6973323644     0.0000000000
    2.0106192983     1.2664918883     0.1189193603    -0.3193344687     0.6786202893     0.0000000000
    2.0734511514     1.2911130405     0.1194867327    -0.3613152556     0.6572300100     0.0000000000
    2.1362830044     1.3144600201     0.1200207580    -0.4018700962     0.6332459441     0.0000000000
    2.1991148575     1.3365097863     0.1205216097    -0.4408389392     0.6067627458     0.0000000000
    2.2619467106     1.3572405787     0.1209894476    -0.4780679923     0.5778849321     0.0000000000
    2.3247785637     1.3766319385     0.1214244184    -0.5134103294     0.5467264706     0.0000000000
    2.3876104167     1.3946647288     0.1218266564    -0.5467264706     0.5134103294     0.0000000000
    2.4504422698     1.4113211534     0.1221962840    -0.5778849321     0.4780679923     0.0000000000
    2.5132741229     1.4265847744     0.1225334121    -0.6067627458     0.4408389392     0.0000000000
    2.5761059759     1.4404405285     0.1228381407    -0.6332459441     0.4018700962     0.0000000000
    2.6389378290     1.4528747417     0.1231105591    -0.6572300100     0.3613152556     0.0000000000
    2.7017696821     1.4638751429     0.1233507463    -0.6786202893     0.3193344687     0.0000000000
    2.7646015352     1.4734308761     0.1235587713    -0.6973323644     0.2760934145     0.0000000000
    2.8274333882     1.4815325109     0.1237346934    -0.7132923872     0.2317627458     0.0000000000
    2.8902652413     1.4881720520     0.1238785625    -0.7264373708     0.1865174154     0.0000000000
    2.9530970944     1.4933429469     0.1239904189    -0.7367154380     0.1405359859     0.0000000000
    3.0159289474     1.4970400926     0.1240702941    -0.7440860260     0.0939999252     0.0000000000
    3.0787608005     1.4992598405     0.1241182104    -0.7485200463     0.0470928896     0.0000000000
