   -3.1415926536     2.0000000000     0.0547917003    -1.0000000000    -0.0000000000     0.0000000000
   -3.0787608005     1.9990131207     0.0547836258    -0.9980267284    -0.0627905195     0.0000000000
   -3.0159289474     1.9960534569     0.0547593993    -0.9921147013    -0.1253332336     0.0000000000
   -2.9530970944     1.9911239292     0.0547190119    -0.9822872507    -0.1873813146     0.0000000000
   -2.8902652413     1.9842294026     0.0546624486    -0.9685831611    -0.2486898872     0.0000000000
   -2.8274333882     1.9753766812     0.0545896885    -0.9510565163    -0.3090169944     0.0000000000
   -2.7646015352     1.9645745015     0.0545007045    -0.9297764859    -0.3681245527     0.0000000000
   -2.7017696821     1.9518335239     0.0543954631    -0.9048270525    -0.4257792916     0.0000000000
   -2.6389378290     1.9371663223     0.0542739247    -0.8763066800    -0.4817536741     0.0000000000
   -2.5761059759     1.9205873714     0.0541360431    -0.8443279255    -0.5358267950     0.0000000000
   -2.5132741229     1.9021130326     0.0539817652    -0.8090169944    -0.5877852523     0.0000000000
   -2.4504422698     1.8817615379     0.0538110313    -0.7705132428    -0.6374239897     0.0000000000
   -2.3876104167     1.8595529718     0.0536237743    -0.7289686274    -0.6845471059     0.0000000000
   -2.3247785637     1.8355092514     0.0534199200    -0.6845471059    -0.7289686274     0.0000000000
   -2.2619467106     1.8096541049     0.0531993862    -0.6374239897    -0.7705132428     0.0000000000
   -2.1991148575     1.7820130484     0.0529620830    -0.5877852523    -0.8090169944     0.0000000000
   -2.1362830044     1.7526133601     0.0527079118    -0.5358267950    -0.8443279255     0.0000000000
   -2.0734511514     1.7214840540     0.0524367656    -0.4817536741    -0.8763066800     0.0000000000
   -2.0106192983     1.6886558510     0.0521485280    -0.4257792916    -0.9048270525     0.0000000000
   -1.9477874452     1.6541611485     0.0518430731    -0.3681245527    -0.9297764859     0.0000000000
   -1.8849555922     1.6180339887     0.0515202645    -0.3090169944    -0.9510565163     0.0000000000
   -1.8221237391     1.5803100248     0.0511799554    -0.2486898872    -0.9685831611     0.0000000000
   -1.7592918860     1.5410264856     0.0508219874    -0.1873813146    -0.9822872507     0.0000000000
   -1.6964600329     1.5002221393     0.0504461901    -0.1253332336    -0.9921147013     0.0000000000
   -1.6336281799     1.4579372548     0.0500523803    -0.0627905195    -0.9980267284     0.0000000000
   -1.5707963268     1.4142135624     0.0496403612     0.0000000000    -1.0000000000     0.0000000000
   -1.5079644737     1.3690942119     0.0492099214     0.0627905195    -0.9980267284     0.0000000000
   -1.4451326207     1.3226237306     0.0487608340     0.1253332336    -0.9921147013     0.0000000000
   -1.3823007676     1.2748479795     0.0482928558     0.1873813146    -0.9822872507     0.0000000000
   -1.3194689145     1.2258141073     0.0478057258     0.2486898872    -0.9685831611     0.0000000000
   -1.2566370614     1.1755705046     0.0472991639     0.3090169944    -0.9510565163     0.0000000000
   -1.1938052084     1.1241667557     0.0467728700     0.3681245527    -0.9297764859     0.0000000000
   -1.1309733553     1.0716535900     0.0462265221     0.4257792916    -0.9048270525     0.0000000000
   -1.0681415022     1.0180828315     0.0456597748     0.4817536741    -0.8763066800     0.0000000000
   -1.0053096491     0.9635073482     0.0450722573     0.5358267950    -0.8443279255     0.0000000000
   -0.9424777961     0.9079809995     0.0444635719     0.5877852523    -0.8090169944     0.0000000000
   -0.8796459430     0.8515585831     0.0438332914     0.6374239897    -0.7705132428     0.0000000000
   -0.8168140899     0.7942957813     0.0431809570     0.6845471059    -0.7289686274     0.0000000000
   -0.7539822369     0.7362491054     0.0425060756     0.7289686274    -0.6845471059     0.0000000000
   -0.6911503838     0.6774758405     0.0418081168     0.7705132428    -0.6374239897     0.0000000000
   -0.6283185307     0.6180339887     0.0410865100     0.8090169944    -0.5877852523     0.0000000000
   -0.5654866776     0.5579822121     0.0403406409     0.8443279255    -0.5358267950     0.0000000000
   -0.5026548246     0.4973797743     0.0395698474     0.8763066800    -0.4817536741     0.0000000000
   -0.4398229715     0.4362864828     0.0387734157     0.9048270525    -0.4257792916     0.0000000000
   -0.3769911184     0.3747626292     0.0379505753     0.9297764859    -0.3681245527     0.0000000000
   -0.3141592654     0.3128689301     0.0371004938     0.9510565163    -0.3090169944     0.0000000000
   -0.2513274123     0.2506664671     0.0362222713     0.9685831611    -0.2486898872     0.0000000000
   -0.1884955592     0.1882166266     0.0353149338     0.9822872507    -0.1873813146     0.0000000000
   -0.1256637061     0.1255810391     0.0343774257     0.9921147013    -0.1253332336     0.0000000000
   -0.0628318531     0.0628215182     0.0334086022     0.9980267284    -0.0627905195     0.0000000000
    0.0000000000     0.0000000000     0.0324072199     1.0000000000     0.0000000000     0.0000000000
    0.0628318531     0.0628215182     0.0334086022     0.9980267284     0.0627905195     0.0000000000
    0.1256637061     0.1255810391     0.0343774257     0.9921147013     0.1253332336     0.0000000000
    0.1884955592     0.1882166266     0.0353149338     0.9822872507     0.1873813146     0.0000000000
    0.2513274123     0.2506664671     0.0362222713     0.9685831611     0.2486898872     0.0000000000
    0.3141592654     0.3128689301     0.0371004938     0.9510565163     0.3090169944     0.0000000000
    0.3769911184     0.3747626292     0.0379505753     0.9297764859     0.3681245527     0.0000000000
    0.4398229715     0.4362864828     0.0387734157     0.9048270525     0.4257792916     0.0000000000
    0.5026548246     0.4973797743     0.0395698474     0.8763066800     0.4817536741     0.0000000000
    0.5654866776     0.5579822121     0.0403406409     0.8443279255     0.5358267950     0.0000000000
    0.6283185307     0.6180339887     0.0410865100     0.8090169944     0.5877852523     0.0000000000
    0.6911503838     0.6774758405     0.0418081168     0.7705132428     0.6374239897     0.0000000000
    0.7539822369     0.7362491054     0.0425060756     0.7289686274     0.6845471059     0.0000000000
    0.8168140899     0.7942957813     0.0431809570     0.6845471059     0.7289686274     0.0000000000
    0.8796459430     0.8515585831     0.0438332914     0.6374239897     0.7705132428     0.0000000000
    0.9424777961     0.9079809995     0.0444635719     0.5877852523     0.8090169944     0.0000000000
    1.0053096491     0.9635073482     0.0450722573     0.5358267950     0.8443279255     0.0000000000
    1.0681415022     1.0180828315     0.0456597748     0.4817536741     0.8763066800     0.0000000000
    1.1309733553     1.0716535900     0.0462265221     0.4257792916     0.9048270525     0.0000000000
    1.1938052084     1.1241667557     0.0467728700     0.3681245527     0.9297764859     0.0000000000
    1.2566370614     1.1755705046     0.0472991639     0.3090169944     0.9510565163     0.0000000000
    1.3194689145     1.2258141073     0.0478057258     0.2486898872     0.9685831611     0.0000000000
    1.3823007676     1.2748479795     0.0482928558     0.1873813146     0.9822872507     0.0000000000
    1.4451326207     1.3226237306     0.0487608340     0.1253332336     0.9921147013     0.0000000000
    1.5079644737     1.3690942119     0.0492099214     0.0627905195     0.9980267284     0.0000000000
    1.5707963268     1.4142135624     0.0496403612    -0.0000000000     1.0000000000     0.0000000000
    1.6336281799     1.4579372548     0.0500523803    -0.0627905195     0.9980267284     0.0000000000
    1.6964600329     1.5002221393     0.0504461901    -0.1253332336     0.9921147013     0.0000000000
    1.7592918860     1.5410264856     0.0508219874    -0.1873813146     0.9822872507     0.0000000000
    1.8221237391     1.5803100248     0.0511799554    -0.2486898872     0.9685831611     0.0000000000
    1.8849555922     1.6180339887     0.0515202645    -0.3090169944     0.9510565163     0.0000000000
    1.9477874452     1.6541611485     0.0518430731    -0.3681245527     0.9297764859     0.0000000000
    2.0106192983     1.6886558510     0.0521485280    -0.4257792916     0.9048270525     0.0000000000
    2.0734511514     1.7214840540     0.0524367656    -0.4817536741     0.8763066800     0.0000000000
    2.1362830044     1.7526133601     0.0527079118    -0.5358267950     0.8443279255     0.0000000000
    2.1991148575     1.7820130484     0.0529620830    -0.5877852523     0.8090169944     0.0000000000
    2.2619467106     1.8096541049     0.0531993862    -0.6374239897     0.7705132428     0.0000000000
    2.3247785637     1.8355092514     0.0534199200    -0.6845471059     0.7289686274     0.0000000000
    2.3876104167     1.8595529718     0.0536237743    -0.7289686274     0.6845471059     0.0000000000
    2.4504422698     1.8817615379     0.0538110313    -0.7705132428     0.6374239897     0.0000000000
    2.5132741229     1.9021130326     0.0539817652    -0.8090169944     0.5877852523     0.0000000000
    2.5761059759     1.9205873714     0.0541360431    -0.8443279255     0.5358267950     0.0000000000
    2.6389378290     1.9371663223     0.0542739247    -0.8763066800     0.4817536741     0.0000000000
    2.7017696821     1.9518335239     0.0543954631    -0.9048270525     0.4257792916     0.0000000000
    2.7646015352     1.9645745015     0.0545007045    -0.9297764859     0.3681245527     0.0000000000
    2.8274333882     1.9753766812     0.0545896885    -0.9510565163     0.3090169944     0.0000000000
    2.8902652413     1.9842294026     0.0546624486    -0.9685831611     0.2486898872     0.0000000000
    2.9530970944     1.9911239292     0.0547190119    -0.9822872507     0.1873813146     0.0000000000
    3.0159289474     1.9960534569     0.0547593993    -0.9921147013     0.1253332336     0.0000000000
    3.0787608005     1.9990131207     0.0547836258    -0.9980267284     0.0627905195     0.0000000000
