   -3.1415926536     4.0000000000     0.0020251019    -2.0000000000    -0.0000000000     0.0000000000
   -3.0787608005     3.9980262415     0.0020247094    -1.9960534569    -0.1255810391     0.0000000000
   -3.0159289474     3.9921069137     0.0020235316    -1.9842294026    -0.2506664671     0.0000000000
   -2.9530970944     3.9822478584     0.0020215678    -1.9645745015    -0.3747626292     0.0000000000
   -2.8902652413     3.9684588053     0.0020188170    -1.9371663223    -0.4973797743     0.0000000000
   -2.8274333882     3.9507533624     0.0020152776    -1.9021130326    -0.6180339887     0.0000000000
   -2.7646015352     3.9291490029     0.0020109476    -1.8595529718    -0.7362491054     0.0000000000
   -2.7017696821     3.9036670478     0.0020058245    -1.8096541049    -0.8515585831     0.0000000000
   -2.6389378290     3.8743326445     0.0019999054    -1.7526133601    -0.9635073482     0.0000000000
   -2.5761059759     3.8411747427     0.0019931869    -1.6886558510    -1.0716535900     0.0000000000
   -2.5132741229     3.8042260652     0.0019856649    -1.6180339887    -1.1755705046     0.0000000000
   -2.4504422698     3.7635230758     0.0019773352    -1.5410264856    -1.2748479795     0.0000000000
   -2.3876104167     3.7191059436     0.0019681926    -1.4579372548    -1.3690942119     0.0000000000
   -2.3247785637     3.6710185027     0.0019582317    -1.3690942119    -1.4579372548     0.0000000000
   -2.2619467106     3.6193082099     0.0019474463    -1.2748479795    -1.5410264856     0.0000000000
   -2.1991148575     3.5640260968     0.0019358297    -1.1755705046    -1.6180339887     0.0000000000
   -2.1362830044     3.5052267202     0.0019233746    -1.0716535900    -1.6886558510     0.0000000000
   -2.0734511514     3.4429681080     0.0019100730    -0.9635073482    -1.7526133601     0.0000000000
   -2.0106192983     3.3773117020     0.0018959161    -0.8515585831    -1.8096541049     0.0000000000
   -1.9477874452     3.3083222971     0.0018808946    -0.7362491054    -1.8595529718     0.0000000000
   -1.8849555922     3.2360679775     0.0018649983    -0.6180339887    -1.9021130326     0.0000000000
   -1.8221237391     3.1606200495     0.0018482162    -0.4973797743    -1.9371663223     0.0000000000
   -1.7592918860     3.0820529711     0.0018305363    -0.3747626292    -1.9645745015     0.0000000000
   -1.6964600329     3.0004442785     0.0018119461    -0.2506664671    -1.9842294026     0.0000000000
   -1.6336281799     2.9158745097     0.0017924316    -0.1255810391    -1.9960534569     0.0000000000
   -1.5707963268     2.8284271247     0.0017719782     0.0000000000    -2.0000000000     0.0000000000
   -1.5079644737     2.7381884237     0.0017505698     0.1255810391    -1.9960534569     0.0000000000
   -1.4451326207     2.6452474613     0.0017281895     0.2506664671    -1.9842294026     0.0000000000
   -1.3823007676     2.5496959590     0.0017048190     0.3747626292    -1.9645745015     0.0000000000
   -1.3194689145     2.4516282146     0.0016804384     0.4973797743    -1.9371663223     0.0000000000
   -1.2566370614     2.3511410092     0.0016550267     0.6180339887    -1.9021130326     0.0000000000
   -1.1938052084     2.2483335114     0.0016285611     0.7362491054    -1.8595529718     0.0000000000
   -1.1309733553     2.1433071799     0.0016010172     0.8515585831    -1.8096541049     0.0000000000
   -1.0681415022     2.0361656630     0.0015723689     0.9635073482    -1.7526133601     0.0000000000
   -1.0053096491     1.9270146964     0.0015425880     1.0716535900    -1.6886558510     0.0000000000
   -0.9424777961     1.8159619990     0.0015116441     1.1755705046    -1.6180339887     0.0000000000
   -0.8796459430     1.7031171663     0.0014795049     1.2748479795    -1.5410264856     0.0000000000
   -0.8168140899     1.5885915625     0.0014461353     1.3690942119    -1.4579372548     0.0000000000
   -0.7539822369     1.4724982107     0.0014114976     1.4579372548    -1.3690942119     0.0000000000
   -0.6911503838     1.3549516810     0.0013755513     1.5410264856    -1.2748479795     0.0000000000
   -0.6283185307     1.2360679775     0.0013382528     1.6180339887    -1.1755705046     0.0000000000
   -0.5654866776     1.1159644242     0.0012995550     1.6886558510    -1.0716535900     0.0000000000
   -0.5026548246     0.9947595487     0.0012594071     1.7526133601    -0.9635073482     0.0000000000
   -0.4398229715     0.8725729656     0.0012177544     1.8096541049    -0.8515585831     0.0000000000
   -0.3769911184     0.7495252583     0.0011745377     1.8595529718    -0.7362491054     0.0000000000
   -0.3141592654     0.6257378602     0.0011296932     1.9021130326    -0.6180339887     0.0000000000
   -0.2513274123     0.5013329343     0.0010831517     1.9371663223    -0.4973797743     0.0000000000
   -0.1884955592     0.3764332533     0.0010348385     1.9645745015    -0.3747626292     0.0000000000
   -0.1256637061     0.2511620781     0.0009846727     1.9842294026    -0.2506664671     0.0000000000
   -0.0628318531     0.1256430363     0.0009325665     1.9960534569    -0.1255810391     0.0000000000
    0.0000000000     0.0000000000     0.0008784249     2.0000000000     0.0000000000     0.0000000000
    0.0628318531     0.1256430363     0.0009325665     1.9960534569     0.1255810391     0.0000000000
    0.1256637061     0.2511620781     0.0009846727     1.9842294026     0.2506664671     0.0000000000
    0.1884955592     0.3764332533     0.0010348385     1.9645745015     0.3747626292     0.0000000000
    0.2513274123     0.5013329343     0.0010831517     1.9371663223     0.4973797743     0.0000000000
    0.3141592654     0.6257378602     0.0011296932     1.9021130326     0.6180339887     0.0000000000
    0.3769911184     0.7495252583     0.0011745377     1.8595529718     0.7362491054     0.0000000000
    0.4398229715     0.8725729656     0.0012177544     1.8096541049     0.8515585831     0.0000000000
    0.5026548246     0.9947595487     0.0012594071     1.7526133601     0.9635073482     0.0000000000
    0.5654866776     1.1159644242     0.0012995550     1.6886558510     1.0716535900     0.0000000000
    0.6283185307     1.2360679775     0.0013382528     1.6180339887     1.1755705046     0.0000000000
    0.6911503838     1.3549516810     0.0013755513     1.5410264856     1.2748479795     0.0000000000
    0.7539822369     1.4724982107     0.0014114976     1.4579372548     1.3690942119     0.0000000000
    0.8168140899     1.5885915625     0.0014461353     1.3690942119     1.4579372548     0.0000000000
    0.8796459430     1.7031171663     0.0014795049     1.2748479795     1.5410264856     0.0000000000
    0.9424777961     1.8159619990     0.0015116441     1.1755705046     1.6180339887     0.0000000000
    1.0053096491     1.9270146964     0.0015425880     1.0716535900     1.6886558510     0.0000000000
    1.0681415022     2.0361656630     0.0015723689     0.9635073482     1.7526133601     0.0000000000
    1.1309733553     2.1433071799     0.0016010172     0.8515585831     1.8096541049     0.0000000000
    1.1938052084     2.2483335114     0.0016285611     0.7362491054     1.8595529718     0.0000000000
    1.2566370614     2.3511410092     0.0016550267     0.6180339887     1.9021130326     0.0000000000
    1.3194689145     2.4516282146     0.0016804384     0.4973797743     1.9371663223     0.0000000000
    1.3823007676     2.5496959590     0.0017048190     0.3747626292     1.9645745015     0.0000000000
    1.4451326207     2.6452474613     0.0017281895     0.2506664671     1.9842294026     0.0000000000
    1.5079644737     2.7381884237     0.0017505698     0.1255810391     1.9960534569     0.0000000000
    1.5707963268     2.8284271247     0.0017719782    -0.0000000000     2.0000000000     0.0000000000
    1.6336281799     2.9158745097     0.0017924316    -0.1255810391     1.9960534569     0.0000000000
    1.6964600329     3.0004442785     0.0018119461    -0.2506664671     1.9842294026     0.0000000000
    1.7592918860     3.0820529711     0.0018305363    -0.3747626292     1.9645745015     0.0000000000
    1.8221237391     3.1606200495     0.0018482162    -0.4973797743     1.9371663223     0.0000000000
    1.8849555922     3.2360679775     0.0018649983    -0.6180339887     1.9021130326     0.0000000000
    1.9477874452     3.3083222971     0.0018808946    -0.7362491054     1.8595529718     0.0000000000
    2.0106192983     3.3773117020     0.0018959161    -0.8515585831     1.8096541049     0.0000000000
    2.0734511514     3.4429681080     0.0019100730    -0.9635073482     1.7526133601     0.0000000000
    2.1362830044     3.5052267202     0.0019233746    -1.0716535900     1.6886558510     0.0000000000
    2.1991148575     3.5640260968     0.0019358297    -1.1755705046     1.6180339887     0.0000000000
    2.2619467106     3.6193082099     0.0019474463    -1.2748479795     1.5410264856     0.0000000000
    2.3247785637     3.6710185027     0.0019582317    -1.3690942119     1.4579372548     0.0000000000
    2.3876104167     3.7191059436     0.0019681926    -1.4579372548     1.3690942119     0.0000000000
    2.4504422698     3.7635230758     0.0019773352    -1.5410264856     1.2748479795     0.0000000000
    2.5132741229     3.8042260652     0.0019856649    -1.6180339887     1.1755705046     0.0000000000
    2.5761059759     3.8411747427     0.0019931869    -1.6886558510     1.0716535900     0.0000000000
    2.6389378290     3.8743326445     0.0019999054    -1.7526133601     0.9635073482     0.0000000000
    2.7017696821     3.9036670478     0.0020058245    -1.8096541049     0.8515585831     0.0000000000
    2.7646015352     3.9291490029     0.0020109476    -1.8595529718     0.7362491054     0.0000000000
    2.8274333882     3.9507533624     0.0020152776    -1.9021130326     0.6180339887     0.0000000000
    2.8902652413     3.9684588053     0.0020188170    -1.9371663223     0.4973797743     0.0000000000
    2.9530970944     3.9822478584     0.0020215678    -1.9645745015     0.3747626292     0.0000000000
    3.0159289474     3.9921069137     0.0020235316    -1.9842294026     0.2506664671     0.0000000000
    3.0787608005     3.9980262415     0.0020247094    -1.9960534569     0.1255810391     0.0000000000
