 418 2. 0.8
 0.37069680542995721247328688287362D+00   0   0   0   0 C
-0.46337036398427390719253029473438D-01   1   0   0   0 C
 0.57921242104488745050034766983798D-01   0   0   1   0 C
 0.67629125799004797638845273004131D-02   2   0   0   0 C
-0.72387616792349871389871151157382D-02   1   0   1   0 C
-0.85947452432298602763153831940564D-02   0   0   2   0 C
 0.11000288422462331964465719897235D-01   0   2   0   0 C
-0.43849534519991144805988779159393D-02   2   0   0   1 C
 0.87694288899201876135490154216643D-02   0   0   2   1 C
-0.43856465320354178668649642342538D-02   0   2   0   1 C
 0.13382017066660786958053897332752D-02   3   0   0   0 C
 0.10647411446756200920180956733111D-02   2   0   1   0 C
-0.24977654989775345372370531500421D-02   1   0   2   0 C
-0.21173361678117957264994129873234D-02   0   0   3   0 C
 0.80362419293504255057927671384056D-02  -1   0   3   0 C
 0.11313640475331762217609486269135D-03   1   2   0   0 C
 0.23067512236800745031581991289745D-02   0   2   1   0 C
-0.12057718322867141078548741265354D-01  -1   2   1   0 C
-0.83329980607878969541920140611909D-03   3   0   0   1 C
-0.67978861422160946912054987406807D-03   2   0   1   1 C
 0.16866954939477089186198323730024D-02   1   0   2   1 C
 0.11051372742977897134783638222878D-02   0   0   3   1 C
-0.86815341467246025232069967180075D-03   1   2   0   1 C
-0.65040846625609390799238548591119D-03   0   2   1   1 C
 0.32853009406166084877990182008171D-03   4   0   0   0 C
 0.20610157746488149029146859020474D-03   3   0   1   0 C
-0.10317677784063506677534816256368D-02   2   0   2   0 C
-0.22666200229882392115206594817502D-03   1   0   3   0 C
 0.43715456265217771514914771557171D-03   0   0   4   0 C
-0.39187142300334212765359423512102D-02  -2   0   4   0 C
 0.19049308027699725044145881679283D-03  -1   0   4   0 C
 0.92871815296559959973238453401639D-03   2   2   0   0 C
 0.10933399079881029429575646922597D-05   1   2   1   0 C
-0.55018790189137672926480003810420D-03   0   2   2   0 C
 0.85724783257910707100276571848480D-02  -2   2   2   0 C
-0.18621609318776218327264204179639D-03  -1   2   2   0 C
 0.21017431743397662284590996077758D-03   0   4   0   0 C
 0.21308206256323938086990415699547D-03  -2   4   0   0 C
-0.68430213701057551467540468901289D-03  -1   4   0   0 C
-0.16002639479328970839447423409038D-03   4   0   0   1 C
-0.12118097573252612218293511175416D-03   3   0   1   1 C
 0.39345586050263298143292984830906D-03   2   0   2   1 C
 0.10248031937060986418198666253090D-03   1   0   3   1 C
-0.40090246694048781572786659139954D-04   0   0   4   1 C
-0.35518010964684971600829781999286D-03   2   2   0   1 C
 0.28317143647370751836132186643371D-05   1   2   1   1 C
 0.16391480310343133581929019784510D-03   0   2   2   1 C
-0.98372958869698593334693506398947D-04   0   4   0   1 C
 0.14494336760219345295151118445394D-04   4   0   0   2 C
-0.91495721522422086263348251741650D-04   2   0   2   2 C
 0.89218268881609036009351325045712D-04   0   0   4   2 C
 0.95370963405131073972149196863959D-04   2   2   0   2 C
-0.91944886711964641234217927431794D-04   0   2   2   2 C
 0.10950918385285532730699292607584D-04   0   4   0   2 C
 0.31779470988810143399983861278760D-04   5   0   0   0 C
 0.50475915269939496680471421708110D-04   4   0   1   0 C
 0.81185080824421304219806859132108D-04   3   0   2   0 C
-0.37762156862404219998590744944906D-04   2   0   3   0 C
-0.23772296102114262920935500539068D-03   1   0   4   0 C
-0.23443631988266347282432573821672D-04   0   0   5   0 C
 0.25917326814768985467719374991462D-02  -3   0   5   0 C
 0.40613706908973105225647167563874D-04  -2   0   5   0 C
-0.93451840016512263984425308633977D-04  -1   0   5   0 C
-0.90949195109668590623910776343941D-04   3   2   0   0 C
 0.18864519703277912386293087615238D-05   2   2   1   0 C
 0.17252731620369974147778108867689D-03   1   2   2   0 C
-0.18007936788495177626131569384040D-04   0   2   3   0 C
-0.69502755983148100214468183725053D-02  -3   2   3   0 C
-0.19860057220725022457856542850978D-03  -2   2   3   0 C
 0.27151179649220432414794139292081D-03  -1   2   3   0 C
 0.49076529971247732376943813896220D-05   1   4   0   0 C
 0.45766930780348510068315593493458D-04   0   4   1   0 C
-0.74346900489536994910295022358059D-06  -3   4   1   0 C
 0.11591331144116993019826081462732D-02  -2   4   1   0 C
-0.28513551551683118673510223463533D-03  -1   4   1   0 C
-0.12608848430127212826089867511207D-04   5   0   0   1 C
-0.19553856908527809756630285295452D-04   4   0   1   1 C
-0.24673233344075369773480002038101D-04   3   0   2   1 C
 0.14706491765272849427314008414484D-04   2   0   3   1 C
 0.83085391685365817192276732822990D-04   1   0   4   1 C
 0.70987152969411067405401577871549D-05   0   0   5   1 C
 0.71172027164410056761715428233909D-04  -1   0   5   1 C
 0.28696212816639577330136318787388D-04   3   2   0   1 C
-0.92461307476621636079793429282556D-06   2   2   1   1 C
-0.60281891941686066393281747665759D-04   1   2   2   1 C
 0.12461345216193290596260968001940D-04   0   2   3   1 C
-0.92910696628954817371947892413649D-04  -1   2   3   1 C
-0.18323383347121051817493754378026D-05   1   4   0   1 C
-0.20847141510822179274370722919970D-04   0   4   1   1 C
 0.43099199019450870320224405867477D-04  -1   4   1   1 C
 0.26218160895705336894164148546534D-05   5   0   0   2 C
 0.28681646363955229601578306294464D-05   4   0   1   2 C
 0.29068723128065469105217268543355D-05   3   0   2   2 C
-0.23323333673529837543376652668428D-05   2   0   3   2 C
-0.13811184796279134593313968913225D-04   1   0   4   2 C
-0.10608661739565628678844706667176D-05   0   0   5   2 C
-0.22999380968131660484272016697206D-05   3   2   0   2 C
 0.25116897013391242865454478472833D-06   2   2   1   2 C
 0.88213089398605553183658165674468D-05   1   2   2   2 C
-0.27120824787069118500855722795874D-05   0   2   3   2 C
 0.12969932227132226543166767582859D-06   1   4   0   2 C
 0.46525730578008351384647017617841D-05   0   4   1   2 C
-0.20547344938033871803159781477861D-05   6   0   0   0 C
-0.81031047787355051185695259146499D-06   5   0   1   0 C
-0.14405228673598085057846679840552D-05   4   0   2   0 C
 0.84473992024981780842603018462276D-06   3   0   3   0 C
 0.94070357779554374893906836317663D-05   2   0   4   0 C
 0.83958148411867719623260200351270D-06   1   0   5   0 C
-0.24919553201049536543037068037329D-05   0   0   6   0 C
-0.18874790431781346033675470861953D-02  -4   0   6   0 C
-0.57098625054041466921959661336006D-04  -3   0   6   0 C
 0.68940339991575977926862011025692D-04  -2   0   6   0 C
-0.16320023200512080538854267049849D-04  -1   0   6   0 C
-0.87031959165609365980861465741326D-06   4   2   0   0 C
-0.18941734154154377977794847803408D-06   3   2   1   0 C
-0.42044630223771711840780341902424D-05   2   2   2   0 C
 0.66973961145168113878469144854137D-06   1   2   3   0 C
 0.46244792435248843618266384040064D-05   0   2   4   0 C
 0.57310312858250992266225779585739D-02  -4   2   4   0 C
 0.37708022706195061988223439266501D-03  -3   2   4   0 C
-0.21306104779165802639193663058192D-03  -2   2   4   0 C
 0.34080063796769138911822164530134D-04  -1   2   4   0 C
-0.24163228299822772122169541368615D-09   2   4   0   0 C
-0.27134421599145266000002364729699D-05   1   4   1   0 C
-0.15932682120677086465419970180177D-05   0   4   2   0 C
-0.23135956791875716647538606984093D-03  -4   4   2   0 C
-0.14018861044132101031180846627402D-02  -3   4   2   0 C
 0.24571834397647088915602889627770D-03  -2   4   2   0 C
-0.10195182827935250164949629133850D-04  -1   4   2   0 C
-0.72871720987995140089650345705970D-06   0   6   0   0 C
-0.26717678128621938521766569013602D-04  -4   6   0   0 C
 0.35527841599905867832853072083707D-04  -3   6   0   0 C
 0.25654036759365698802873881025660D-04  -2   6   0   0 C
-0.62694893301762584625146500723264D-05  -1   6   0   0 C
 0.69225964949946499386756607292124D-06   6   0   0   1 C
 0.19608316325599296793480110399533D-06   5   0   1   1 C
 0.51352239086385039397241310822204D-06   4   0   2   1 C
-0.21445749541896630229686969027296D-06   3   0   3   1 C
-0.32233113060062094488751815492374D-05   2   0   4   1 C
-0.25429107487619802654826695671474D-06   1   0   5   1 C
 0.88398410555659766662004716222042D-06   0   0   6   1 C
 0.94716111846380704203835729464118D-06  -2   0   6   1 C
 0.88788701488462821856570889773461D-05  -1   0   6   1 C
 0.35964775372768739135015459534162D-06   4   2   0   1 C
 0.53326023274924677896450037745904D-07   3   2   1   1 C
 0.13581959992073677481385505146898D-05   2   2   2   1 C
-0.12436181711042111807255587303449D-06   1   2   3   1 C
-0.17451246354278420433386302658442D-05   0   2   4   1 C
 0.92377846732381267955302857238569D-05  -2   2   4   1 C
-0.16844531619675135816355756773928D-04  -1   2   4   1 C
 0.25461188432380342884692729500991D-07   2   4   0   1 C
 0.72848448965304753035307670446171D-06   1   4   1   1 C
 0.79795571706035847869126099790835D-06   0   4   2   1 C
-0.36748891933658501400725560852972D-04  -2   4   2   1 C
 0.41694696690806044830102626066673D-05  -1   4   2   1 C
 0.25185737229538112024278647128225D-06   0   6   0   1 C
-0.31152938208352962779547693843611D-06  -2   6   0   1 C
 0.30796540541281451708380173756731D-05  -1   6   0   1 C
-0.82890751417412741546334084337591D-07   6   0   0   2 C
-0.12633641942844346669453276724005D-07   5   0   1   2 C
-0.66511229919634378993789322028279D-07   4   0   2   2 C
 0.14641689686676572064843977776258D-07   3   0   3   2 C
 0.39784998518288017308306139189376D-06   2   0   4   2 C
 0.20822696583944425222113843013848D-07   1   0   5   2 C
-0.10383214913912470421525188620713D-06   0   0   6   2 C
-0.51024694424456166537101790505928D-07   4   2   0   2 C
-0.40782425923180857423604280516435D-08   3   2   1   2 C
-0.15822323987027240104868539187006D-06   2   2   2   2 C
 0.46964037351415363392576224957325D-08   1   2   3   2 C
 0.23306910616658672169687973346814D-06   0   2   4   2 C
-0.85172193677650759791808568553743D-08   2   4   0   2 C
-0.52781692154419727869037489196999D-07   1   4   1   2 C
-0.15005370017031443060173533276057D-06   0   4   2   2 C
-0.29386975222500331674299865320432D-07   0   6   0   2 C
 0.35249575326443762395585615862200D-08   6   0   0   3 C
 0.31185112471828017242588225298790D-08   4   0   2   3 C
-0.17773739240254260192105336271812D-07   2   0   4   3 C
 0.37792001461007939396013165593655D-08   0   0   6   3 C
 0.25021206747473259270170371562364D-08   4   2   0   3 C
 0.67632183528637651563474975066390D-08   2   2   2   3 C
-0.11056332030001585716226439868938D-07   0   2   4   3 C
 0.75156313855551221894385006630775D-09   2   4   0   3 C
 0.10316295464073135823511755017423D-07   0   4   2   3 C
 0.11322577036157852068929779854907D-08   0   6   0   3 C
 0.13411563678441392201051425664979D-02  -5   0   7   0 C
 0.50121846027190042001624461931102D-04  -4   0   7   0 C
-0.35597773977632618538995062637405D-04  -3   0   7   0 C
 0.14016798517373025872402482484624D-04  -2   0   7   0 C
 0.85280047016210371503683823485677D-06  -1   0   7   0 C
-0.43995309969817696674442627221086D-02  -5   2   5   0 C
-0.48326241992094563926541712147470D-03  -4   2   5   0 C
 0.14593418136087097805484346222595D-03  -3   2   5   0 C
-0.11335027741306975214626819944447D-04  -2   2   5   0 C
 0.10936564385057386643114038310533D-05  -1   2   5   0 C
 0.37836184025862291844936950196020D-03  -5   4   3   0 C
 0.14656398173202373979945410288744D-02  -4   4   3   0 C
-0.17688002444639793271754702728830D-03  -3   4   3   0 C
-0.25937629064657549620256131438272D-04  -2   4   3   0 C
-0.42982054768442595223666574348912D-05  -1   4   3   0 C
 0.14220638150492628730131446268533D-04  -5   6   1   0 C
-0.14645758598050519365826135249950D-03  -4   6   1   0 C
-0.58866509889449489495625907923423D-04  -3   6   1   0 C
 0.19784180127720799421397816157102D-04  -2   6   1   0 C
 0.10787618185610630577466985709955D-05  -1   6   1   0 C
-0.12673057068504201416437525666211D-04  -3   0   7   1 C
-0.54805454065273150441529077432439D-05  -2   0   7   1 C
-0.24383990863668678432670727324872D-06  -1   0   7   1 C
-0.98329909001030931162682124441969D-05  -3   2   5   1 C
 0.83945204442857036087996294951863D-06  -2   2   5   1 C
-0.38968578173080794278774196953422D-06  -1   2   5   1 C
 0.58818089032645674635682994373300D-04  -3   4   3   1 C
 0.15932973446702448240108832064526D-04  -2   4   3   1 C
 0.13349869218242479832666342532245D-05  -1   4   3   1 C
-0.73024852402907271159258808992032D-05  -3   6   1   1 C
-0.78528672255533999242075253086384D-05  -2   6   1   1 C
-0.28866252278409655705928121391971D-06  -1   6   1   1 C
 0.18489505714766431389789880560566D-07  -1   0   7   2 C
 0.36242002181038877374576442685370D-07  -1   2   5   2 C
-0.11030492842454154893856252252254D-06  -1   4   3   2 C
 0.19961038183589779961696678576468D-07  -1   6   1   2 C
-0.82264915082164191210601252684103D-03  -6   0   8   0 C
-0.40177601515384597057818161763643D-04  -5   0   8   0 C
 0.16542417277797001774202772076003D-04  -4   0   8   0 C
-0.61008134518146559838108452593350D-05  -3   0   8   0 C
-0.10357325698758356686411568400573D-06  -2   0   8   0 C
 0.28341956496131799417386904986510D-02  -6   2   6   0 C
 0.46978163825904634312805061436598D-03  -5   2   6   0 C
-0.88876405150966824898915651825514D-04  -4   2   6   0 C
-0.11845719928906815210657332382183D-04  -3   2   6   0 C
-0.27719498235120513172611603110729D-05  -2   2   6   0 C
-0.37646569036488817577446494641922D-03  -6   4   4   0 C
-0.12521469130502811200657625109559D-02  -5   4   4   0 C
 0.96981733142741754752834773254810D-04  -4   4   4   0 C
 0.47778572891782773434825297557419D-04  -3   4   4   0 C
 0.49342765517276502706025133695293D-05  -2   4   4   0 C
 0.10345806535219724402530036282111D-04  -6   6   2   0 C
 0.23475391638240896176660751911283D-03  -5   6   2   0 C
 0.71785268311653709565947727729986D-04  -4   6   2   0 C
-0.23570886778140187720524126957406D-04  -3   6   2   0 C
-0.30044305586652600430463599061201D-06  -2   6   2   0 C
 0.74394285713889583523591438905495D-05  -6   8   0   0 C
-0.43739021670606022858950444996503D-06  -5   8   0   0 C
-0.22258935568416464680305869240665D-05  -4   8   0   0 C
-0.27590528557545057930961783614465D-05  -3   8   0   0 C
-0.35227265582959933097776247018283D-06  -2   8   0   0 C
 0.73571819817774119444649939450879D-05  -4   0   8   1 C
 0.18100031986995169421406269535375D-05  -3   0   8   1 C
 0.19234531963928373673223810382719D-07  -2   0   8   1 C
 0.26155878776491522914674033622933D-04  -4   2   6   1 C
 0.89327406386136097081323326026791D-05  -3   2   6   1 C
 0.87400759441290110914837451207117D-06  -2   2   6   1 C
-0.70397480096736160475939454914673D-04  -4   4   4   1 C
-0.23299948827528758469854508416590D-04  -3   4   4   1 C
-0.14779510903364514650065946565095D-05  -2   4   4   1 C
 0.11202687286775769959579066815039D-04  -4   6   2   1 C
 0.74070065229570397052409063079888D-05  -3   6   2   1 C
 0.18521180077446622967185129777032D-07  -2   6   2   1 C
 0.31023277163238597574159935307391D-05  -4   8   0   1 C
 0.14968165621248129493587416563558D-05  -3   8   0   1 C
 0.10655739001021007852487365279527D-06  -2   8   0   1 C
-0.57906857918383016261981158313245D-09  -2   0   8   2 C
-0.73201936205637720771922836600180D-07  -2   2   6   2 C
 0.11762019266221925551381972364371D-06  -2   4   4   2 C
 0.46670039121709108092615655220033D-08  -2   6   2   2 C
-0.85365250891578464647548369672072D-08  -2   8   0   2 C
 0.38211387808602084059908684348771D-03  -7   0   9   0 C
 0.24797281641839149349971120616703D-04  -6   0   9   0 C
-0.65257493279424714538460945336221D-05  -5   0   9   0 C
 0.11775980746734917079330501966470D-05  -4   0   9   0 C
-0.13189232700116242190851955764206D-06  -3   0   9   0 C
-0.13607868767658216307068852754472D-02  -7   2   7   0 C
-0.31410592026452717472887770649014D-03  -6   2   7   0 C
 0.41676811357282743749379242199169D-04  -5   2   7   0 C
 0.15393575528050954428122458974632D-04  -4   2   7   0 C
 0.20614927656752059427003869235489D-05  -3   2   7   0 C
 0.24456420349408069662540253737564D-03  -7   4   5   0 C
 0.77709414455700085426747666524770D-03  -6   4   5   0 C
-0.32887135018505545498317082597578D-04  -5   4   5   0 C
-0.35905188521088464961222448590561D-04  -4   4   5   0 C
-0.25155798317814758563852202674888D-05  -3   4   5   0 C
-0.18850705213703070027909258225110D-04  -7   6   3   0 C
-0.21031333363429180618319154404289D-03  -6   6   3   0 C
-0.57313912737413904092129557866776D-04  -5   6   3   0 C
 0.10207208432886162105655457751266D-04  -4   6   3   0 C
-0.12485754283369373087746823396799D-05  -3   6   3   0 C
-0.10628907356814529234207908673647D-04  -7   8   1   0 C
 0.58125873737172722467245350595751D-05  -6   8   1   0 C
 0.59477680585843136218616520718445D-05  -5   8   1   0 C
 0.60899510490871252248907347090071D-05  -4   8   1   0 C
 0.74554277654458553695641784871266D-06  -3   8   1   0 C
-0.17214149154451893812420555192348D-05  -5   0   9   1 C
-0.23538188138854882007560678626960D-07  -4   0   9   1 C
 0.45448182625069181547954289784589D-07  -3   0   9   1 C
-0.24383156309947014997712152132959D-04  -5   2   7   1 C
-0.84536577935513607214705142686257D-05  -4   2   7   1 C
-0.63037032100271902520288892540439D-06  -3   2   7   1 C
 0.47364003847363601225975606227589D-04  -5   4   5   1 C
 0.15141082486805061032276291583562D-04  -4   4   5   1 C
 0.71713526946467078779960676065878D-06  -3   4   5   1 C
-0.79725323636956266513442429278234D-06  -5   6   3   1 C
-0.52331488963534599695941899921095D-06  -4   6   3   1 C
 0.44784459504821290543838141134339D-06  -3   6   3   1 C
-0.70268505131226777009736973684292D-05  -5   8   1   1 C
-0.32488616369116498517993267397523D-05  -4   8   1   1 C
-0.22425217191819145182890277630325D-06  -3   8   1   1 C
-0.40925916611833980637794674899723D-08  -3   0   9   2 C
 0.51193662294910328852493310761857D-07  -3   2   7   2 C
-0.54000739638554648494596315115673D-07  -3   4   5   2 C
-0.41866941479115699588120808924015D-07  -3   6   3   2 C
 0.17863481183905385946130014097073D-07  -3   8   1   2 C
-0.11426870919777774211844894478614D-03  -8   0  10   0 C
-0.94801093519662469896981627495515D-05  -7   0  10   0 C
 0.18240558815384764853345670918885D-05  -6   0  10   0 C
 0.83072759248232228075566430883353D-07  -5   0  10   0 C
 0.77462486341157330721000901701521D-07  -4   0  10   0 C
 0.41705190129629048892460980212974D-03  -8   2   8   0 C
 0.12545852509858084263265722717757D-03  -7   2   8   0 C
-0.12302909883658999500664485885722D-04  -6   2   8   0 C
-0.70738127800523794110612801360782D-05  -5   2   8   0 C
-0.72485850633412077995437850814495D-06  -4   2   8   0 C
-0.93922075396935843062749033208892D-04  -8   4   6   0 C
-0.29923132428798068203750613819323D-03  -7   4   6   0 C
 0.33869194430510049283320635163462D-05  -6   4   6   0 C
 0.12608912667259447702491294316583D-04  -5   4   6   0 C
 0.41179347190575250283573111334614D-06  -4   4   6   0 C
 0.91136091523650891867545679672570D-05  -8   6   4   0 C
 0.10333609275754300189916891327274D-03  -7   6   4   0 C
 0.28314504845953814793623683773332D-04  -6   6   4   0 C
 0.91976507058153756111336068275603D-06  -5   6   4   0 C
 0.12608803147947907822634846976570D-05  -4   6   4   0 C
 0.86396033812178507554276687053276D-05  -8   8   2   0 C
-0.61297539567095181092056299439052D-05  -7   8   2   0 C
-0.57465645737202088950810971926058D-05  -6   8   2   0 C
-0.47598564012073128433761474236809D-05  -5   8   2   0 C
-0.47713145275298577049583542836558D-06  -4   8   2   0 C
-0.11269552679495917932137923573280D-05  -8  10   0   0 C
-0.71121252060631937594403774592293D-06  -7  10   0   0 C
 0.21956976542303234277987938687251D-06  -6  10   0   0 C
 0.87510974486476389722893949637182D-07  -5  10   0   0 C
-0.26176885700641570742052232261900D-07  -4  10   0   0 C
-0.25759799317966466015071124852649D-07  -6   0  10   1 C
-0.18884646417403908330843930082095D-06  -5   0  10   1 C
-0.24808082462225569869383768024759D-07  -4   0  10   1 C
 0.10442478612721696162496943561650D-04  -6   2   8   1 C
 0.34377407736135828839467648959532D-05  -5   2   8   1 C
 0.21638643155786779139580846832672D-06  -4   2   8   1 C
-0.15600439250198855540051850005881D-04  -6   4   6   1 C
-0.43836087929418836254347422106719D-05  -5   4   6   1 C
-0.96665295755463562995205235347570D-07  -4   4   6   1 C
-0.58378499627949560102716157616961D-05  -6   6   4   1 C
-0.27379823718285283987250831061317D-05  -5   6   4   1 C
-0.41252626652588363488062587129130D-06  -4   6   4   1 C
 0.55611944931071957088777349171743D-05  -6   8   2   1 C
 0.23555709950890009418874744031729D-05  -5   8   2   1 C
 0.13929061575842879524196332851932D-06  -4   8   2   1 C
-0.17148542216372383035041560930791D-06  -6  10   0   1 C
 0.24512766316981949405553927225003D-07  -5  10   0   1 C
 0.89014935339658062375596005727526D-08  -4  10   0   1 C
 0.20997024619051245214089978036246D-08  -4   0  10   2 C
-0.17129172837906145145131881834657D-07  -4   2   8   2 C
 0.54708408655076834951002033807097D-08  -4   4   6   2 C
 0.35685065562749748451577739482779D-07  -4   6   4   2 C
-0.10714408449778882655347754930544D-07  -4   8   2   2 C
-0.78827765832094110952141008201676D-09  -4  10   0   2 C
 0.16083187506445527308811766222096D-04  -9   0  11   0 C
 0.16369900040537040028973959004672D-05  -8   0  11   0 C
-0.25163966780712954366956276392477D-06  -7   0  11   0 C
-0.59320303271468581581022259392397D-07  -6   0  11   0 C
-0.14249742340727439102531641384386D-07  -5   0  11   0 C
-0.59861743675483476948898287324971D-04  -9   2   9   0 C
-0.22353486614782225744718322840658D-04  -8   2   9   0 C
 0.16135043176722128445668979735033D-05  -7   2   9   0 C
 0.12334974178411868183446603918510D-05  -6   2   9   0 C
 0.99397969720807441658295943945113D-07  -5   2   9   0 C
 0.15884903631941317550091573980787D-04  -9   4   7   0 C
 0.52576189834135661138762332373337D-04  -8   4   7   0 C
 0.98112393173079666833438043952434D-06  -7   4   7   0 C
-0.15754614430279304071005074448628D-05  -6   4   7   0 C
 0.46907808690416574462109554149278D-07  -5   4   7   0 C
-0.93618693862331728247220971211767D-06  -9   6   5   0 C
-0.21588992465550733295626997476944D-04  -8   6   5   0 C
-0.65171729205006007206453698132780D-05  -7   6   5   0 C
-0.13729980429576645998719830964978D-05  -6   6   5   0 C
-0.34794194370594119650503764092419D-06  -5   6   5   0 C
-0.32703594023424042944529898599214D-05  -9   8   3   0 C
 0.17350511904216045632535428516947D-05  -8   8   3   0 C
 0.20949822279896279113958937468531D-05  -7   8   3   0 C
 0.13549017948105460251661219333542D-05  -6   8   3   0 C
 0.79975312379268412765174076466404D-07  -5   8   3   0 C
 0.85165306321163787401332809240597D-06  -9  10   1   0 C
 0.44549893975643813330629773806191D-06  -8  10   1   0 C
-0.24775326245816211364611086405007D-06  -7  10   1   0 C
 0.13267708088992753644198120865638D-08  -6  10   1   0 C
 0.37840752048250742176446867763026D-07  -5  10   1   0 C
 0.67407240281434920786709172862426D-07  -7   0  11   1 C
 0.46426967394249510771106857351376D-07  -6   0  11   1 C
 0.44480467221694702737672524724778D-08  -5   0  11   1 C
-0.17709788148834016212196625542498D-05  -7   2   9   1 C
-0.54553648537371892955374595577474D-06  -6   2   9   1 C
-0.28846995058421874121607880590821D-07  -5   2   9   1 C
 0.17861580248597943464376221969506D-05  -7   4   7   1 C
 0.34943559929705942379458962149648D-06  -6   4   7   1 C
-0.20018799332611267930601616676374D-07  -5   4   7   1 C
 0.25605047855105340087290186416441D-05  -7   6   5   1 C
 0.10895283053391096935660259323967D-05  -6   6   5   1 C
 0.10941504311876611143245896673630D-06  -5   6   5   1 C
-0.16312399637913365497562930513652D-05  -7   8   3   1 C
-0.57148244503535928881531052401076D-06  -6   8   3   1 C
-0.20692922489722597248122475414125D-07  -5   8   3   1 C
 0.47560430558900452125081943144601D-07  -7  10   1   1 C
-0.68214192199564013158238274070600D-07  -6  10   1   1 C
-0.12835053487228807110836254454158D-07  -5  10   1   1 C
-0.36740759082182013719222880779420D-09  -5   0  11   2 C
 0.22132891299005333268666381531135D-08  -5   2   9   2 C
 0.20785414860479616975140205351525D-08  -5   4   7   2 C
-0.91040544215260739542681287721168D-08  -5   6   5   2 C
 0.13449134567348964584128625506139D-08  -5   8   3   2 C
 0.11545986445962650750699081663395D-08  -5  10   1   2 C
