 0.10101  0.886409  
 0.20202  0.775108  
 0.30303  0.668251  
 0.40404  0.567729  
 0.505051  0.475073  
 0.606061  0.39139  
 0.707071  0.317335  
 0.808081  0.253122  
 0.909091  0.198566  
 1.0101  0.153148  
 1.11111  0.116102  
 1.21212  0.0864923  
 1.31313  0.0633043  
 1.41414  0.0455113  
 1.51515  0.0321334  
 1.61616  0.0222778  
 1.71717  0.0151636  
 1.81818  0.0101318  
 1.91919  0.00664466  
 2.0202  0.0042767  
 2.12121  0.00270115  
 2.22222  0.00167399  
 2.32323  0.00101785  
 2.42424  0.000607158  
 2.52525  0.000355286  
 2.62626  0.000203931  
 2.72727  0.000114812  
 2.82828  6.33971e-05  
 2.92929  3.43322e-05  
 3.0303  1.82332e-05  
 3.13131  9.49587e-06  
 3.23232  4.8495e-06  
 3.33333  2.42847e-06  
 3.43434  1.19241e-06  
 3.53535  5.74062e-07  
 3.63636  2.7097e-07  
 3.73737  1.254e-07  
 3.83838  5.68951e-08  
 3.93939  2.53072e-08  
 4.0404  1.10355e-08  
 4.14141  4.71746e-09  
 4.24242  1.9769e-09  
 4.34343  8.12103e-10  
 4.44444  3.27024e-10  
 4.54545  1.29087e-10  
 4.64646  4.99472e-11  
 4.74747  1.89434e-11  
 4.84848  7.04237e-12  
 4.94949  2.56617e-12  
 5.05051  9.16489e-13  
 5.15152  3.20854e-13  
 5.25253  1.10134e-13  
 5.35354  3.69704e-14  
 5.45455  1.22125e-14  
 5.55556  3.9968e-15  
 5.65657  1.22125e-15  
 5.75758  3.33067e-16  
 5.85859  1.11022e-16  
 5.9596  0  
 6.06061  0  
 6.16162  0  
 6.26263  0  
 6.36364  0  
 6.46465  0  
 6.56566  0  
 6.66667  0  
 6.76768  0  
 6.86869  0  
 6.9697  0  
 7.07071  0  
 7.17172  0  
 7.27273  0  
 7.37374  0  
 7.47475  0  
 7.57576  0  
 7.67677  0  
 7.77778  0  
 7.87879  0  
 7.9798  0  
 8.08081  0  
 8.18182  0  
 8.28283  0  
 8.38384  0  
 8.48485  0  
 8.58586  0  
 8.68687  0  
 8.78788  0  
 8.88889  0  
 8.9899  0  
 9.09091  0  
 9.19192  0  
 9.29293  0  
 9.39394  0  
 9.49495  0  
 9.59596  0  
 9.69697  0  
 9.79798  0  
 9.89899  0  
 10  0  


